613
623
645
664
671
680
6507
6521
6525
6528
6537
6555
6561
6563
6808
6809
6812
6824
6852
6854
6857
6865
6873
6874
6892
6898
6928
6980
6989
7047
7068
7164
7180
7249
7319
7330
7335
7399
7408
7419
7429
7435
7498
7578
7582
7583
7597
7602
7608
7610
7611
8046
8067
8068
8077
8084
8143
8144
8147
8152
8158
8161
8176
8196
8197
8631
9001
9024
9027
9052
9537
9542
9569
9570
9573
9574
9585
9752
9753
9758
9770
9771
9778
9796
9801
9802
9814
9818
9819
9822
10073
10076
10077
10079
10080
10081
10082
10084
10101
10116
10121
10122
11012
11018
11214
11217
11231
11244
11248
11257
11259
11417
11419
11420
11433
11434
12899
12907
12910
12913
12918
13204
13212
13215
13234
13241
13242
13246
13263
13271
13272
14292
14293
14296
14314
14587
14597
14599
14600
14827
14847
14882
14958
14968
14971
14996
15004
15136
15151
15154
15166
15168
19130
19135
19139
19148
19154
19175
19192
19447
19449
19452
19454
19455
19523
19524
19532
19539
19543
19544
19560
19576
19638
19819
19833
19835
19852
19857
20090
20103
20105
20146
20148
20149
20150
20159
20161
20164
20183
20191
20197
20198
20199
20219
20258
20285
20310
20445
20459
20480
9575
8642
9821
19199
6991
14595
6918
14869
11415
20113
9764
6927
20207
19854
8173
13210
14299
11030
19598
14994
14284
20323
610
15132
19169
12911
639
14598
20228
11022
19469
8157
6540
14857
19603
7596
9588
11225
10094
6526
8063
19508
19869
6811
8646
13243
6551
7159
6804
7622
19599
20132
19818
19519
9552
19159
7606
625
7178
20456
9580
20127
7609
20190
6887
20195
14884
14606
12905
14602
13269
19160
9054
6846
6843
6977
7565
19170
19667
10086
12904
11414
647
20224
9554
8651
20237
14619
14849
19136
20318
9025
14855
7269
19870
8192
14978
11416
20139
6856
659
7175
14618
6895
11029
19863
20286
7163
19163
6514
8202
19503
9815
7144
9566
7570
6550
7161
8195
13309
19574
9599
11408
9811
7564
20312
6523
6513
20114
14289
11265
19601
7493
19481
655
7049
7340
15127
6529
7623
6505
7333
10049
9812
6844
12908
6831
6896
7361
627
19823
19562
6552
6810
8189
6840
8648
11258
6879
19542
7495
19491
12919
7166
13262
14331
6978
14607
19856
19815
6987
14285
14601
11253
8058
9016
7432
13207
10102
19453
6553
9759
10137
10992
10127
635
629
10026
7625
20204
20120
19153
19568
10124
7324
20104
7074
19841
10111
7509
