613
623
645
664
671
680
6507
6521
6525
6528
6537
6555
6561
6563
6808
6809
6812
6824
6852
6854
6857
6865
6873
6874
6892
6898
6928
6980
6989
7047
7068
7164
7180
7249
7319
7330
7335
7399
7408
7419
7429
7435
7498
7578
7582
7583
7597
7602
7608
7610
7611
8046
8067
8068
8077
8084
8143
8144
8147
8152
8158
8161
8176
8196
8197
8631
9001
9024
9027
9052
9537
9542
9569
9570
9573
9574
9585
9752
9753
9758
9770
9771
9778
9796
9801
9802
9814
9818
9819
9822
10073
10076
10077
10079
10080
10081
10082
10084
10101
10116
10121
10122
11012
11018
11214
11217
11231
11244
11248
11257
11259
11417
11419
11420
11433
11434
12899
12907
12910
12913
12918
13204
13212
13215
13234
13241
13242
13246
13263
13271
13272
14292
14293
14296
14314
14587
14597
14599
14600
14827
14847
14882
14958
14968
14971
14996
15004
15136
15151
15154
15166
15168
19130
19135
19139
19148
19154
19175
19192
19447
19449
19452
19454
19455
19523
19524
19532
19539
19543
19544
19560
19576
19638
19819
19833
19835
19852
19857
20090
20103
20105
20146
20148
20149
20150
20159
20161
20164
20183
20191
20197
20198
20199
20219
20258
20285
20310
20445
20459
20480
610
625
627
629
635
639
647
655
659
6505
6513
6514
6523
6526
6529
6540
6550
6551
6552
6553
6804
6810
6811
6831
6840
6843
6844
6846
6856
6879
6887
6895
6896
6918
6927
6977
6978
6987
6991
7049
7074
7144
7159
7161
7163
7166
7175
7178
7269
7324
7333
7340
7361
7432
7493
7495
7509
7564
7565
7570
7596
7606
7609
7622
7623
7625
8058
8063
8157
8173
8189
8192
8195
8202
8642
8646
8648
8651
9016
9025
9054
9552
9554
9566
9575
9580
9588
9599
9759
9764
9811
9812
9815
9821
10026
10049
10086
10094
10102
10111
10124
10127
10137
10992
11022
11029
11030
11225
11253
11258
11265
11408
11414
11415
11416
12904
12905
12908
12911
12919
13207
13210
13243
13262
13269
13309
14284
14285
14289
14299
14331
14595
14598
14601
14602
14606
14607
14618
14619
14849
14855
14857
14869
14884
14978
14994
15127
15132
19136
19153
19159
19160
19163
19169
19170
19199
19453
19469
19481
19491
19503
19508
19519
19542
19562
19568
19574
19598
19599
19601
19603
19667
19815
19818
19823
19841
19854
19856
19863
19869
19870
20104
20113
20114
20120
20127
20132
20139
20190
20195
20204
20207
20224
20228
20237
20286
20312
20318
20323
20456
